{
  "nbformat": 4,
  "nbformat_minor": 0,
  "metadata": {
    "colab": {
      "name": "data_investigate.ipynb",
      "provenance": [],
      "collapsed_sections": [],
      "machine_shape": "hm"
    },
    "kernelspec": {
      "name": "python3",
      "display_name": "Python 3"
    }
  },
  "cells": [
    {
      "cell_type": "markdown",
      "metadata": {
        "id": "6CxZK_3TZt9s",
        "colab_type": "text"
      },
      "source": [
        "## Task 1: **Basic Industry Analysis**\n",
        "\n",
        "Analyze data from industry level and year trend"
      ]
    },
    {
      "cell_type": "code",
      "metadata": {
        "id": "CLIpl_f6vRSH",
        "colab_type": "code",
        "colab": {}
      },
      "source": [
        "import os\n",
        "import re\n",
        "import sys\n",
        "from collections import defaultdict\n",
        "import pandas as pd\n",
        "import numpy as np\n",
        "from scipy.stats import norm\n",
        "import matplotlib.pyplot as plt"
      ],
      "execution_count": 0,
      "outputs": []
    },
    {
      "cell_type": "code",
      "metadata": {
        "id": "f2G8LsX6wZR_",
        "colab_type": "code",
        "outputId": "c84448d8-be6a-4fdb-c318-85d75aba1715",
        "colab": {
          "base_uri": "https://localhost:8080/",
          "height": 122
        }
      },
      "source": [
        "from google.colab import drive\n",
        "drive.mount('/content/drive')"
      ],
      "execution_count": 3,
      "outputs": [
        {
          "output_type": "stream",
          "text": [
            "Go to this URL in a browser: https://accounts.google.com/o/oauth2/auth?client_id=947318989803-6bn6qk8qdgf4n4g3pfee6491hc0brc4i.apps.googleusercontent.com&redirect_uri=urn%3aietf%3awg%3aoauth%3a2.0%3aoob&response_type=code&scope=email%20https%3a%2f%2fwww.googleapis.com%2fauth%2fdocs.test%20https%3a%2f%2fwww.googleapis.com%2fauth%2fdrive%20https%3a%2f%2fwww.googleapis.com%2fauth%2fdrive.photos.readonly%20https%3a%2f%2fwww.googleapis.com%2fauth%2fpeopleapi.readonly\n",
            "\n",
            "Enter your authorization code:\n",
            "··········\n",
            "Mounted at /content/drive\n"
          ],
          "name": "stdout"
        }
      ]
    },
    {
      "cell_type": "code",
      "metadata": {
        "id": "lVueRCc0UJLM",
        "colab_type": "code",
        "colab": {}
      },
      "source": [
        "def read_data(root_dir, data_folder, csv_file):\n",
        "    print(\"\\nReading data from \" + csv_file)\n",
        "    file_dir = os.path.join(root_dir, data_folder, csv_file)\n",
        "    return pd.read_csv(file_dir)"
      ],
      "execution_count": 0,
      "outputs": []
    },
    {
      "cell_type": "code",
      "metadata": {
        "id": "MPAMWapBUOL-",
        "colab_type": "code",
        "colab": {}
      },
      "source": [
        "def compute_corelation(columns, src_dataframe):\n",
        "    print(\"Computing Correlation matrix\")\n",
        "    return np.corrcoef(src_dataframe[columns].to_numpy(), rowvar = False)"
      ],
      "execution_count": 0,
      "outputs": []
    },
    {
      "cell_type": "code",
      "metadata": {
        "id": "yRs_dQj0UShC",
        "colab_type": "code",
        "outputId": "ad28ddce-7a8d-483a-c541-adef8e8a36ee",
        "colab": {
          "base_uri": "https://localhost:8080/",
          "height": 51
        }
      },
      "source": [
        "'''\n",
        "Basic environ params\n",
        "'''\n",
        "# root_dir = \"\\\\\".join(os.path.dirname(__file__).split('\\\\')[:-1])\n",
        "root_dir = '/content/drive/My Drive/Penn Inequality Project'\n",
        "data_folder = \"reduced_paynet_data\"\n",
        "task_folder = \"task1\"\n",
        "print('----------Analysis Starts----------\\n')\n",
        "\n",
        "data_dir = os.path.join(root_dir, data_folder)\n",
        "all_df = None\n",
        "all_annual_df = None\n",
        "all_annual_plus_df = None\n",
        "all_data_df = None\n",
        "cash_df = None\n",
        "\n",
        "'''\n",
        "Adjustable params\n",
        "'''\n",
        "total_analyzed = False\n",
        "year_analyzed = False\n",
        "sector_analyzed = False\n",
        "sector_annual_analyzed = False"
      ],
      "execution_count": 6,
      "outputs": [
        {
          "output_type": "stream",
          "text": [
            "----------Analysis Starts----------\n",
            "\n"
          ],
          "name": "stdout"
        }
      ]
    },
    {
      "cell_type": "code",
      "metadata": {
        "id": "fnK7hobQYCXT",
        "colab_type": "code",
        "colab": {}
      },
      "source": [
        "'''\n",
        "Data import\n",
        "'''\n",
        "all_df = pd.read_csv(os.path.join(root_dir, 'reclassified_all_data.csv'))\n",
        "all_data_df = all_df.drop(columns = ['Benefit Values', 'Fixed Annual Remuneration', 'Total Earnings', 'Long Term Incentive Values', 'Short Term Variable Payments', 'Target Incentive Payment (%)']).dropna()\n",
        "all_annual_df = all_df[['CalendarYear','IndustryName','Total Annual Remuneration']].dropna()\n",
        "all_annual_plus_df = all_df[['CalendarYear','IndustryName','Total Remuneration Plus']].dropna()\n",
        "cash_df = all_df[['CalendarYear','IndustryName','Total Cash']].dropna()"
      ],
      "execution_count": 0,
      "outputs": []
    },
    {
      "cell_type": "code",
      "metadata": {
        "id": "npljg6T_VG1F",
        "colab_type": "code",
        "colab": {
          "base_uri": "https://localhost:8080/",
          "height": 136
        },
        "outputId": "bd63c6f4-b511-4ab1-feb1-dce29269e37f"
      },
      "source": [
        "'''\n",
        "Total analysis\n",
        "'''\n",
        "if not total_analyzed:\n",
        "# correlation analysis\n",
        "    all_columns = ['Base Salary', 'Total Annual Remuneration', 'Total Cash', 'Total Direct Compensation', 'Total Remuneration Plus']\n",
        "    corelation_matrix = compute_corelation(all_columns, all_data_df)\n",
        "    print(corelation_matrix)\n",
        "    np.save(os.path.join(root_dir, task_folder, 'cor_mat.npy'), corelation_matrix)\n",
        "\n",
        "    # integrety analysis\n",
        "    temp = 'Total Annual Remuneration'\n",
        "    plt.title(temp + \" for all integrated data\")\n",
        "    plt.ylabel(\"Percentage per range\")\n",
        "    plt.xlabel('Range in logarithmic dollar')\n",
        "    logit_data = np.log10(all_data_df[temp].tolist())\n",
        "    logit_mean = np.mean(logit_data)\n",
        "    logit_std = np.std(logit_data)\n",
        "    n, bins, _ = plt.hist(logit_data, bins=1000, density=True)\n",
        "    y = norm.pdf(bins, logit_mean, logit_std)\n",
        "    plt.plot(bins, y, label = \"Mean: \" + str(logit_mean) + \" , Std: \" + str(logit_std))\n",
        "    plt.xlim(left = 0, right = 10)\n",
        "    plt.grid(True)\n",
        "    plt.legend()\n",
        "    # plt.show()\n",
        "    plt.savefig(os.path.join(root_dir, task_folder, \"all_data_\" + temp))\n",
        "    plt.clf()\n",
        "\n",
        "\n",
        "    temp = 'Total Remuneration Plus'\n",
        "    plt.title(temp + \" for all integrated data\")\n",
        "    plt.ylabel(\"Percentage per range\")\n",
        "    plt.xlabel('Range in logarithmic dollar')\n",
        "    logit_data = np.log10(all_data_df[temp].tolist())\n",
        "    logit_mean = np.mean(logit_data)\n",
        "    logit_std = np.std(logit_data)\n",
        "    n, bins, _ = plt.hist(logit_data, bins=1000, density=True)\n",
        "    y = norm.pdf(bins, logit_mean, logit_std)\n",
        "    plt.plot(bins, y, label = \"Mean: \" + str(logit_mean) + \" , Std: \" + str(logit_std))\n",
        "    plt.xlim(left = 0, right = 10)\n",
        "    plt.grid(True)\n",
        "    plt.legend()\n",
        "    # plt.show()\n",
        "    plt.savefig(os.path.join(root_dir, task_folder, \"all_data_\" + temp))\n",
        "    plt.clf()\n",
        "\n",
        "\n",
        "    temp = 'Total Cash'\n",
        "    plt.title(temp + \" for all integrated data\")\n",
        "    plt.ylabel(\"Percentage per range\")\n",
        "    plt.xlabel('Range in logarithmic dollar')\n",
        "    logit_data = np.log10(cash_df[temp].tolist())\n",
        "    logit_mean = np.mean(logit_data)\n",
        "    logit_std = np.std(logit_data)\n",
        "    n, bins, _ = plt.hist(logit_data, bins=1000, density=True)\n",
        "    y = norm.pdf(bins, logit_mean, logit_std)\n",
        "    plt.plot(bins, y, label = \"Mean: \" + str(logit_mean) + \" , Std: \" + str(logit_std))\n",
        "    plt.xlim(left = 0, right = 10)\n",
        "    plt.grid(True)\n",
        "    plt.legend()\n",
        "    # plt.show()\n",
        "    plt.savefig(os.path.join(root_dir, task_folder, \"all_data_\" + temp))\n",
        "    plt.clf()"
      ],
      "execution_count": 11,
      "outputs": [
        {
          "output_type": "stream",
          "text": [
            "Computing Correlation matrix\n",
            "[[1.         0.9184407  0.91587359 0.69832747 0.73210701]\n",
            " [0.9184407  1.         0.99241205 0.83236358 0.86259628]\n",
            " [0.91587359 0.99241205 1.         0.83807289 0.85956991]\n",
            " [0.69832747 0.83236358 0.83807289 1.         0.99624224]\n",
            " [0.73210701 0.86259628 0.85956991 0.99624224 1.        ]]\n"
          ],
          "name": "stdout"
        },
        {
          "output_type": "display_data",
          "data": {
            "text/plain": [
              "<Figure size 432x288 with 0 Axes>"
            ]
          },
          "metadata": {
            "tags": []
          }
        }
      ]
    },
    {
      "cell_type": "code",
      "metadata": {
        "id": "RyzBSxX9VZnc",
        "colab_type": "code",
        "colab": {
          "base_uri": "https://localhost:8080/",
          "height": 1000
        },
        "outputId": "b6069840-f38e-4b64-e3ff-be4982ed9439"
      },
      "source": [
        "if not year_analyzed:\n",
        "    # year level analysis\n",
        "    all_year = pd.unique(all_data_df['CalendarYear']).tolist()\n",
        "    all_year = range(min(all_year), max(all_year) + 1)\n",
        "    year_mean = defaultdict(list)\n",
        "\n",
        "    for curr_year in all_year:\n",
        "        temp = 'Total Annual Remuneration'\n",
        "        year_data_df = all_annual_df[all_annual_df['CalendarYear'] == curr_year]\n",
        "        print(str(year_data_df.shape[0]) + ' data pieces chosen for year ' + str(curr_year) + ' on ' + temp)\n",
        "        if year_data_df.shape[0] > 0:\n",
        "            plt.title(temp + \" for yearly integrated data\")\n",
        "            plt.ylabel(\"Percentage per range\")\n",
        "            plt.xlabel('Range in logarithmic dollar')\n",
        "            logit_data = np.log10(year_data_df[temp].tolist())\n",
        "            logit_mean = np.mean(logit_data)\n",
        "            year_mean[temp].append(np.mean(year_data_df[temp].tolist()))\n",
        "            logit_std = np.std(logit_data)\n",
        "            n, bins, _ = plt.hist(logit_data, bins=1000, density=True)\n",
        "            y = norm.pdf(bins, logit_mean, logit_std)\n",
        "            plt.plot(bins, y, label = \"Mean: \" + str(logit_mean) + \" , Std: \" + str(logit_std))\n",
        "            plt.xlim(left = 0, right = 10)\n",
        "            plt.grid(True)\n",
        "            plt.legend()\n",
        "            # plt.show()\n",
        "            if not os.path.isdir(os.path.join(root_dir, task_folder, str(curr_year))):\n",
        "                os.mkdir(os.path.join(root_dir, task_folder, str(curr_year)))\n",
        "            plt.savefig(os.path.join(root_dir, task_folder, str(curr_year), \"year_data_\" + temp))\n",
        "            plt.clf()\n",
        "        else:\n",
        "            year_mean[temp].append(0)\n",
        "\n",
        "\n",
        "        temp = 'Total Remuneration Plus'\n",
        "        year_data_df = all_annual_plus_df[all_annual_plus_df['CalendarYear'] == curr_year]\n",
        "        print(str(year_data_df.shape[0]) + ' data pieces chosen for year ' + str(curr_year) + ' on ' + temp)\n",
        "        if year_data_df.shape[0] > 0:\n",
        "            plt.title(temp + \" for yearly integrated data\")\n",
        "            plt.ylabel(\"Percentage per range\")\n",
        "            plt.xlabel('Range in logarithmic dollar')\n",
        "            logit_data = np.log10(year_data_df[temp].tolist())\n",
        "            logit_mean = np.mean(logit_data)\n",
        "            year_mean[temp].append(np.mean(year_data_df[temp].tolist()))\n",
        "            logit_std = np.std(logit_data)\n",
        "            n, bins, _ = plt.hist(logit_data, bins=1000, density=True)\n",
        "            y = norm.pdf(bins, logit_mean, logit_std)\n",
        "            plt.plot(bins, y, label = \"Mean: \" + str(logit_mean) + \" , Std: \" + str(logit_std))\n",
        "            plt.xlim(left = 0, right = 10)\n",
        "            plt.grid(True)\n",
        "            plt.legend()\n",
        "            # plt.show()\n",
        "            if not os.path.isdir(os.path.join(root_dir, task_folder, str(curr_year))):\n",
        "                os.mkdir(os.path.join(root_dir, task_folder, str(curr_year)))\n",
        "            plt.savefig(os.path.join(root_dir, task_folder, str(curr_year), \"year_data_\" + temp))\n",
        "            plt.clf()\n",
        "        else:\n",
        "            year_mean[temp].append(0)\n",
        "\n",
        "\n",
        "        temp = 'Total Cash'\n",
        "        year_data_df = cash_df[cash_df['CalendarYear'] == curr_year]\n",
        "        print(str(year_data_df.shape[0]) + ' data pieces chosen for year ' + str(curr_year) + ' on ' + temp)\n",
        "        plt.title(temp + \" for yearly integrated data\")\n",
        "        plt.ylabel(\"Percentage per range\")\n",
        "        plt.xlabel('Range in logarithmic dollar')\n",
        "        logit_data = np.log10(year_data_df[temp].tolist())\n",
        "        logit_mean = np.mean(logit_data)\n",
        "        year_mean[temp].append(np.mean(year_data_df[temp].tolist()))\n",
        "        logit_std = np.std(logit_data)\n",
        "        n, bins, _ = plt.hist(logit_data, bins=1000, density=True)\n",
        "        y = norm.pdf(bins, logit_mean, logit_std)\n",
        "        plt.plot(bins, y, label = \"Mean: \" + str(logit_mean) + \" , Std: \" + str(logit_std))\n",
        "        plt.xlim(left = 0, right = 10)\n",
        "        plt.grid(True)\n",
        "        plt.legend()\n",
        "        # plt.show()\n",
        "        if not os.path.isdir(os.path.join(root_dir, task_folder, str(curr_year))):\n",
        "            os.mkdir(os.path.join(root_dir, task_folder, str(curr_year)))\n",
        "        plt.savefig(os.path.join(root_dir, task_folder, str(curr_year), \"year_data_\" + temp))\n",
        "        plt.clf()\n",
        "        print(str(curr_year) + ' year analysis finished\\n')\n",
        "\n",
        "\n",
        "    # linear regression of time with three variables\n",
        "    plt.title('Total year trend')\n",
        "    plt.xlabel('Year span')\n",
        "    plt.ylabel('Range in linear dollar')\n",
        "    plt.xlim(min(all_year) - 1, max(all_year) + 1)\n",
        "    plt.plot(all_year, year_mean['Total Annual Remuneration'], label = \"Total Annual Remuneration\")\n",
        "    plt.plot(all_year, year_mean['Total Remuneration Plus'], label = 'Total Remuneration Plus')\n",
        "    plt.plot(all_year, year_mean['Total Cash'], label = 'Total Cash')\n",
        "    plt.legend()\n",
        "    plt.savefig(os.path.join(root_dir, task_folder, 'Year Trend'))\n",
        "    plt.clf()"
      ],
      "execution_count": 13,
      "outputs": [
        {
          "output_type": "stream",
          "text": [
            "436733 data pieces chosen for year 2008 on Total Annual Remuneration\n",
            "436733 data pieces chosen for year 2008 on Total Remuneration Plus\n",
            "800165 data pieces chosen for year 2008 on Total Cash\n",
            "2008 year analysis finished\n",
            "\n",
            "338409 data pieces chosen for year 2009 on Total Annual Remuneration\n",
            "338409 data pieces chosen for year 2009 on Total Remuneration Plus\n",
            "891611 data pieces chosen for year 2009 on Total Cash\n",
            "2009 year analysis finished\n",
            "\n",
            "371154 data pieces chosen for year 2010 on Total Annual Remuneration\n",
            "371154 data pieces chosen for year 2010 on Total Remuneration Plus\n",
            "991692 data pieces chosen for year 2010 on Total Cash\n",
            "2010 year analysis finished\n",
            "\n",
            "354197 data pieces chosen for year 2011 on Total Annual Remuneration\n",
            "354197 data pieces chosen for year 2011 on Total Remuneration Plus\n",
            "993702 data pieces chosen for year 2011 on Total Cash\n",
            "2011 year analysis finished\n",
            "\n",
            "0 data pieces chosen for year 2012 on Total Annual Remuneration\n",
            "0 data pieces chosen for year 2012 on Total Remuneration Plus\n",
            "1492471 data pieces chosen for year 2012 on Total Cash\n",
            "2012 year analysis finished\n",
            "\n",
            "0 data pieces chosen for year 2013 on Total Annual Remuneration\n",
            "0 data pieces chosen for year 2013 on Total Remuneration Plus\n",
            "1331305 data pieces chosen for year 2013 on Total Cash\n",
            "2013 year analysis finished\n",
            "\n",
            "0 data pieces chosen for year 2014 on Total Annual Remuneration\n",
            "0 data pieces chosen for year 2014 on Total Remuneration Plus\n",
            "1576874 data pieces chosen for year 2014 on Total Cash\n",
            "2014 year analysis finished\n",
            "\n",
            "0 data pieces chosen for year 2015 on Total Annual Remuneration\n",
            "0 data pieces chosen for year 2015 on Total Remuneration Plus\n",
            "3757097 data pieces chosen for year 2015 on Total Cash\n",
            "2015 year analysis finished\n",
            "\n",
            "0 data pieces chosen for year 2016 on Total Annual Remuneration\n",
            "0 data pieces chosen for year 2016 on Total Remuneration Plus\n",
            "4787347 data pieces chosen for year 2016 on Total Cash\n",
            "2016 year analysis finished\n",
            "\n",
            "2349608 data pieces chosen for year 2017 on Total Annual Remuneration\n",
            "2344525 data pieces chosen for year 2017 on Total Remuneration Plus\n",
            "4449594 data pieces chosen for year 2017 on Total Cash\n",
            "2017 year analysis finished\n",
            "\n",
            "1883230 data pieces chosen for year 2018 on Total Annual Remuneration\n",
            "1838842 data pieces chosen for year 2018 on Total Remuneration Plus\n",
            "4220185 data pieces chosen for year 2018 on Total Cash\n",
            "2018 year analysis finished\n",
            "\n",
            "1055112 data pieces chosen for year 2019 on Total Annual Remuneration\n",
            "1046226 data pieces chosen for year 2019 on Total Remuneration Plus\n",
            "3093614 data pieces chosen for year 2019 on Total Cash\n",
            "2019 year analysis finished\n",
            "\n"
          ],
          "name": "stdout"
        },
        {
          "output_type": "display_data",
          "data": {
            "text/plain": [
              "<Figure size 432x288 with 0 Axes>"
            ]
          },
          "metadata": {
            "tags": []
          }
        }
      ]
    },
    {
      "cell_type": "code",
      "metadata": {
        "id": "atovKBvkVgIp",
        "colab_type": "code",
        "colab": {
          "base_uri": "https://localhost:8080/",
          "height": 1000
        },
        "outputId": "c6876774-5436-4f3e-adde-58c0129307ff"
      },
      "source": [
        "if not sector_analyzed:\n",
        "    all_industry = pd.unique(cash_df['IndustryName']).tolist()\n",
        "    all_year = pd.unique(all_data_df['CalendarYear']).tolist()\n",
        "    all_year = range(min(all_year), max(all_year) + 1)\n",
        "    for curr_industry in all_industry:\n",
        "        industry = re.sub(r'\\s+', ' ', curr_industry)\n",
        "        if not os.path.isdir(os.path.join(root_dir, task_folder, industry)):\n",
        "            os.mkdir(os.path.join(root_dir, task_folder, industry))\n",
        "            \n",
        "        industry_data_df = all_data_df[all_data_df['IndustryName'] == curr_industry]\n",
        "        industry_remuneration_df = all_annual_df[all_annual_df['IndustryName'] == curr_industry]\n",
        "        industry_remuneration_plus_df = all_annual_plus_df[all_annual_plus_df['IndustryName'] == curr_industry]\n",
        "        industry_cash_df = cash_df[cash_df['IndustryName'] == curr_industry]\n",
        "\n",
        "        all_columns = ['Base Salary', 'Total Annual Remuneration', 'Total Cash', 'Total Direct Compensation', 'Total Remuneration Plus']\n",
        "        if industry_data_df.shape[0] > 0:\n",
        "            corelation_matrix = compute_corelation(all_columns, industry_data_df)\n",
        "            print(corelation_matrix)\n",
        "            np.save(os.path.join(root_dir, task_folder, industry, 'cor_mat.npy'), corelation_matrix)\n",
        "\n",
        "\n",
        "        if industry_remuneration_df.shape[0] > 0:\n",
        "            temp = 'Total Annual Remuneration'\n",
        "            plt.title(temp + \" for all data in \" + industry)\n",
        "            plt.ylabel(\"Percentage per range\")\n",
        "            plt.xlabel('Range in logarithmic dollar')\n",
        "            print(str(industry_remuneration_df[temp].shape[0]) + ' data pieces chosen for ' + industry + ' on ' + temp)\n",
        "            logit_data = np.log10(industry_remuneration_df[temp].tolist())\n",
        "            logit_mean = np.mean(logit_data)\n",
        "            logit_std = np.std(logit_data)\n",
        "            n, bins, _ = plt.hist(logit_data, bins=1000, density=True)\n",
        "            y = norm.pdf(bins, logit_mean, logit_std)\n",
        "            plt.plot(bins, y, label = \"Mean: \" + str(logit_mean) + \" , Std: \" + str(logit_std))\n",
        "            plt.xlim(left = 0, right = 10)\n",
        "            plt.grid(True)\n",
        "            plt.legend()\n",
        "            # plt.show()\n",
        "            plt.savefig(os.path.join(root_dir, task_folder, industry, \"all_data_\" + temp))\n",
        "            plt.clf()\n",
        "\n",
        "\n",
        "        if industry_remuneration_plus_df.shape[0] > 0:\n",
        "            temp = 'Total Remuneration Plus'\n",
        "            plt.title(temp + \" for all data in \" + industry)\n",
        "            plt.ylabel(\"Percentage per range\")\n",
        "            plt.xlabel('Range in logarithmic dollar')\n",
        "            print(str(industry_remuneration_plus_df[temp].shape[0]) + ' data pieces chosen for ' + industry + ' on ' + temp)\n",
        "            logit_data = np.log10(industry_remuneration_plus_df[temp].tolist())\n",
        "            logit_mean = np.mean(logit_data)\n",
        "            logit_std = np.std(logit_data)\n",
        "            n, bins, _ = plt.hist(logit_data, bins=1000, density=True)\n",
        "            y = norm.pdf(bins, logit_mean, logit_std)\n",
        "            plt.plot(bins, y, label = \"Mean: \" + str(logit_mean) + \" , Std: \" + str(logit_std))\n",
        "            plt.xlim(left = 0, right = 10)\n",
        "            plt.grid(True)\n",
        "            plt.legend()\n",
        "            # plt.show()\n",
        "            plt.savefig(os.path.join(root_dir, task_folder, industry, \"all_data_\" + temp))\n",
        "            plt.clf()\n",
        "\n",
        "\n",
        "        if industry_cash_df.shape[0] > 0:\n",
        "            temp = 'Total Cash'\n",
        "            plt.title(temp + \" for all data in \" + industry)\n",
        "            plt.ylabel(\"Percentage per range\")\n",
        "            plt.xlabel('Range in logarithmic dollar')\n",
        "            print(str(industry_cash_df[temp].shape[0]) + ' data pieces chosen for ' + industry + ' on ' + temp)\n",
        "            logit_data = np.log10(industry_cash_df[temp].tolist())\n",
        "            logit_mean = np.mean(logit_data)\n",
        "            logit_std = np.std(logit_data)\n",
        "            n, bins, _ = plt.hist(logit_data, bins=1000, density=True)\n",
        "            y = norm.pdf(bins, logit_mean, logit_std)\n",
        "            plt.plot(bins, y, label = \"Mean: \" + str(logit_mean) + \" , Std: \" + str(logit_std))\n",
        "            plt.xlim(left = 0, right = 10)\n",
        "            plt.grid(True)\n",
        "            plt.legend()\n",
        "            # plt.show()\n",
        "            plt.savefig(os.path.join(root_dir, task_folder, industry, \"all_data_\" + temp))\n",
        "            plt.clf()\n",
        "            print(curr_industry + ' sector analysis finished\\n')\n",
        "\n",
        "    "
      ],
      "execution_count": 17,
      "outputs": [
        {
          "output_type": "stream",
          "text": [
            "Computing Correlation matrix\n",
            "[[1.         0.90395786 0.90291244 0.66753586 0.69395849]\n",
            " [0.90395786 1.         0.99283417 0.81362939 0.83725524]\n",
            " [0.90291244 0.99283417 1.         0.81297715 0.82938614]\n",
            " [0.66753586 0.81362939 0.81297715 1.         0.9973469 ]\n",
            " [0.69395849 0.83725524 0.82938614 0.9973469  1.        ]]\n",
            "5051392 data pieces chosen for specialty retail on Total Annual Remuneration\n",
            "5004378 data pieces chosen for specialty retail on Total Remuneration Plus\n",
            "18032842 data pieces chosen for specialty retail on Total Cash\n",
            "specialty retail sector analysis finished\n",
            "\n",
            "Computing Correlation matrix\n",
            "[[1.         0.8890719  0.89707538 0.77917896 0.79936239]\n",
            " [0.8890719  1.         0.99236901 0.89335251 0.91981227]\n",
            " [0.89707538 0.99236901 1.         0.89911944 0.91633806]\n",
            " [0.77917896 0.89335251 0.89911944 1.         0.99584021]\n",
            " [0.79936239 0.91981227 0.91633806 0.99584021 1.        ]]\n",
            "69511 data pieces chosen for food product on Total Annual Remuneration\n",
            "68866 data pieces chosen for food product on Total Remuneration Plus\n",
            "314462 data pieces chosen for food product on Total Cash\n",
            "food product sector analysis finished\n",
            "\n",
            "Computing Correlation matrix\n",
            "[[1.         0.96639839 0.9626551  0.93339133 0.9478513 ]\n",
            " [0.96639839 1.         0.99461465 0.96700932 0.98048697]\n",
            " [0.9626551  0.99461465 1.         0.97315458 0.97697453]\n",
            " [0.93339133 0.96700932 0.97315458 1.         0.99492173]\n",
            " [0.9478513  0.98048697 0.97697453 0.99492173 1.        ]]\n",
            "34247 data pieces chosen for insurance on Total Annual Remuneration\n",
            "34225 data pieces chosen for insurance on Total Remuneration Plus\n",
            "165528 data pieces chosen for insurance on Total Cash\n",
            "insurance sector analysis finished\n",
            "\n",
            "Computing Correlation matrix\n",
            "[[1.         0.94569791 0.95683916 0.82372398 0.84546684]\n",
            " [0.94569791 1.         0.98543313 0.9004097  0.93294606]\n",
            " [0.95683916 0.98543313 1.         0.90763309 0.91944564]\n",
            " [0.82372398 0.9004097  0.90763309 1.         0.99057214]\n",
            " [0.84546684 0.93294606 0.91944564 0.99057214 1.        ]]\n",
            "864746 data pieces chosen for healthcare provider and service on Total Annual Remuneration\n",
            "861206 data pieces chosen for healthcare provider and service on Total Remuneration Plus\n",
            "4855639 data pieces chosen for healthcare provider and service on Total Cash\n",
            "healthcare provider and service sector analysis finished\n",
            "\n",
            "Computing Correlation matrix\n",
            "[[1.         0.95050555 0.94715906 0.74152103 0.76534074]\n",
            " [0.95050555 1.         0.99419154 0.84783633 0.8689235 ]\n",
            " [0.94715906 0.99419154 1.         0.85024197 0.8655207 ]\n",
            " [0.74152103 0.84783633 0.85024197 1.         0.99786996]\n",
            " [0.76534074 0.8689235  0.8655207  0.99786996 1.        ]]\n",
            "153858 data pieces chosen for machinery on Total Annual Remuneration\n",
            "152485 data pieces chosen for machinery on Total Remuneration Plus\n",
            "692471 data pieces chosen for machinery on Total Cash\n",
            "machinery sector analysis finished\n",
            "\n",
            "Computing Correlation matrix\n",
            "[[1.         0.91324185 0.91572034 0.76918615 0.79115194]\n",
            " [0.91324185 1.         0.99049556 0.89081562 0.91487908]\n",
            " [0.91572034 0.99049556 1.         0.89794611 0.91063807]\n",
            " [0.76918615 0.89081562 0.89794611 1.         0.99567356]\n",
            " [0.79115194 0.91487908 0.91063807 0.99567356 1.        ]]\n",
            "28935 data pieces chosen for metal and mining on Total Annual Remuneration\n",
            "28923 data pieces chosen for metal and mining on Total Remuneration Plus\n",
            "125892 data pieces chosen for metal and mining on Total Cash\n",
            "metal and mining sector analysis finished\n",
            "\n",
            "Computing Correlation matrix\n",
            "[[1.         0.85938813 0.84324361 0.70759282 0.73179921]\n",
            " [0.85938813 1.         0.99428519 0.84652684 0.86537491]\n",
            " [0.84324361 0.99428519 1.         0.8504058  0.86360339]\n",
            " [0.70759282 0.84652684 0.8504058  1.         0.99812109]\n",
            " [0.73179921 0.86537491 0.86360339 0.99812109 1.        ]]\n",
            "158617 data pieces chosen for chemical on Total Annual Remuneration\n",
            "156506 data pieces chosen for chemical on Total Remuneration Plus\n",
            "797449 data pieces chosen for chemical on Total Cash\n",
            "chemical sector analysis finished\n",
            "\n",
            "Computing Correlation matrix\n",
            "[[1.         0.94098884 0.93689525 0.74671416 0.77216482]\n",
            " [0.94098884 1.         0.99556722 0.84196389 0.86673036]\n",
            " [0.93689525 0.99556722 1.         0.8618074  0.88152462]\n",
            " [0.74671416 0.84196389 0.8618074  1.         0.99808387]\n",
            " [0.77216482 0.86673036 0.88152462 0.99808387 1.        ]]\n",
            "24634 data pieces chosen for pharmaceutical on Total Annual Remuneration\n",
            "24618 data pieces chosen for pharmaceutical on Total Remuneration Plus\n",
            "185081 data pieces chosen for pharmaceutical on Total Cash\n",
            "pharmaceutical sector analysis finished\n",
            "\n",
            "Computing Correlation matrix\n",
            "[[1.         0.89280582 0.88240167 0.6779201  0.70203279]\n",
            " [0.89280582 1.         0.99500231 0.83153199 0.85020078]\n",
            " [0.88240167 0.99500231 1.         0.83734073 0.85083014]\n",
            " [0.6779201  0.83153199 0.83734073 1.         0.99825292]\n",
            " [0.70203279 0.85020078 0.85083014 0.99825292 1.        ]]\n",
            "110250 data pieces chosen for hotel restaurant and leisure on Total Annual Remuneration\n",
            "109815 data pieces chosen for hotel restaurant and leisure on Total Remuneration Plus\n",
            "848026 data pieces chosen for hotel restaurant and leisure on Total Cash\n",
            "hotel restaurant and leisure sector analysis finished\n",
            "\n",
            "Computing Correlation matrix\n",
            "[[1.         0.93037277 0.94213364 0.80788138 0.82302445]\n",
            " [0.93037277 1.         0.98911518 0.91063902 0.93350107]\n",
            " [0.94213364 0.98911518 1.         0.92029083 0.93039435]\n",
            " [0.80788138 0.91063902 0.92029083 1.         0.99545318]\n",
            " [0.82302445 0.93350107 0.93039435 0.99545318 1.        ]]\n",
            "21693 data pieces chosen for container and packaging on Total Annual Remuneration\n",
            "21693 data pieces chosen for container and packaging on Total Remuneration Plus\n",
            "140300 data pieces chosen for container and packaging on Total Cash\n",
            "container and packaging sector analysis finished\n",
            "\n",
            "Computing Correlation matrix\n",
            "[[1.         0.95252238 0.93679386 0.7803741  0.80471851]\n",
            " [0.95252238 1.         0.99165961 0.90789957 0.92155656]\n",
            " [0.93679386 0.99165961 1.         0.89974947 0.90596742]\n",
            " [0.7803741  0.90789957 0.89974947 1.         0.99761451]\n",
            " [0.80471851 0.92155656 0.90596742 0.99761451 1.        ]]\n",
            "26012 data pieces chosen for capital market on Total Annual Remuneration\n",
            "23223 data pieces chosen for capital market on Total Remuneration Plus\n",
            "304391 data pieces chosen for capital market on Total Cash\n",
            "capital market sector analysis finished\n",
            "\n",
            "Computing Correlation matrix\n",
            "[[1.         0.92972598 0.9289182  0.77772918 0.80180762]\n",
            " [0.92972598 1.         0.99492432 0.93655297 0.95353266]\n",
            " [0.9289182  0.99492432 1.         0.94435542 0.95526833]\n",
            " [0.77772918 0.93655297 0.94435542 1.         0.99751073]\n",
            " [0.80180762 0.95353266 0.95526833 0.99751073 1.        ]]\n",
            "8902 data pieces chosen for personal product on Total Annual Remuneration\n",
            "8902 data pieces chosen for personal product on Total Remuneration Plus\n",
            "50252 data pieces chosen for personal product on Total Cash\n",
            "personal product sector analysis finished\n",
            "\n",
            "Computing Correlation matrix\n",
            "[[1.         0.93224907 0.92802524 0.77354255 0.80403442]\n",
            " [0.93224907 1.         0.99222834 0.8835715  0.90962161]\n",
            " [0.92802524 0.99222834 1.         0.88744601 0.90424016]\n",
            " [0.77354255 0.8835715  0.88744601 1.         0.99591214]\n",
            " [0.80403442 0.90962161 0.90424016 0.99591214 1.        ]]\n",
            "99601 data pieces chosen for electric utility on Total Annual Remuneration\n",
            "99540 data pieces chosen for electric utility on Total Remuneration Plus\n",
            "350539 data pieces chosen for electric utility on Total Cash\n",
            "electric utility sector analysis finished\n",
            "\n",
            "Computing Correlation matrix\n",
            "[[1.         0.99721562 0.9963997  0.9963997  0.99735937]\n",
            " [0.99721562 1.         0.99994757 0.99994757 0.99996835]\n",
            " [0.9963997  0.99994757 1.         1.         0.99989185]\n",
            " [0.9963997  0.99994757 1.         1.         0.99989185]\n",
            " [0.99735937 0.99996835 0.99989185 0.99989185 1.        ]]\n",
            "554 data pieces chosen for bank on Total Annual Remuneration\n",
            "554 data pieces chosen for bank on Total Remuneration Plus\n",
            "38711 data pieces chosen for bank on Total Cash\n",
            "bank sector analysis finished\n",
            "\n",
            "Computing Correlation matrix\n",
            "[[1.         0.95810543 0.96452971 0.9517099  0.94955489]\n",
            " [0.95810543 1.         0.99927999 0.99042007 0.99375153]\n",
            " [0.96452971 0.99927999 1.         0.99202889 0.9936352 ]\n",
            " [0.9517099  0.99042007 0.99202889 1.         0.99871751]\n",
            " [0.94955489 0.99375153 0.9936352  0.99871751 1.        ]]\n",
            "3267 data pieces chosen for healthcare equipment and supply on Total Annual Remuneration\n",
            "3267 data pieces chosen for healthcare equipment and supply on Total Remuneration Plus\n",
            "16619 data pieces chosen for healthcare equipment and supply on Total Cash\n",
            "healthcare equipment and supply sector analysis finished\n",
            "\n",
            "Computing Correlation matrix\n",
            "[[1.         0.95471537 0.95300371 0.69107792 0.71728865]\n",
            " [0.95471537 1.         0.99677238 0.82946132 0.85079164]\n",
            " [0.95300371 0.99677238 1.         0.8350955  0.85331506]\n",
            " [0.69107792 0.82946132 0.8350955  1.         0.99864403]\n",
            " [0.71728865 0.85079164 0.85331506 0.99864403 1.        ]]\n",
            "16516 data pieces chosen for road and rail on Total Annual Remuneration\n",
            "16516 data pieces chosen for road and rail on Total Remuneration Plus\n",
            "75048 data pieces chosen for road and rail on Total Cash\n",
            "road and rail sector analysis finished\n",
            "\n",
            "Computing Correlation matrix\n",
            "[[1.         0.94420429 0.93776277 0.85743265 0.87398228]\n",
            " [0.94420429 1.         0.99849579 0.93736525 0.94647843]\n",
            " [0.93776277 0.99849579 1.         0.94126184 0.94775313]\n",
            " [0.85743265 0.93736525 0.94126184 1.         0.99863352]\n",
            " [0.87398228 0.94647843 0.94775313 0.99863352 1.        ]]\n",
            "9069 data pieces chosen for diversified consumer service on Total Annual Remuneration\n",
            "9069 data pieces chosen for diversified consumer service on Total Remuneration Plus\n",
            "52976 data pieces chosen for diversified consumer service on Total Cash\n",
            "diversified consumer service sector analysis finished\n",
            "\n",
            "Computing Correlation matrix\n",
            "[[1.         0.97688776 0.97605174 0.76274728 0.78939923]\n",
            " [0.97688776 1.         0.99919    0.84531473 0.86791226]\n",
            " [0.97605174 0.99919    1.         0.84857426 0.87013616]\n",
            " [0.76274728 0.84531473 0.84857426 1.         0.99882089]\n",
            " [0.78939923 0.86791226 0.87013616 0.99882089 1.        ]]\n",
            "4079 data pieces chosen for construction and engineering on Total Annual Remuneration\n",
            "4077 data pieces chosen for construction and engineering on Total Remuneration Plus\n",
            "21236 data pieces chosen for construction and engineering on Total Cash\n",
            "construction and engineering sector analysis finished\n",
            "\n",
            "Computing Correlation matrix\n",
            "[[1.         0.96046833 0.96272099 0.88311901 0.90047213]\n",
            " [0.96046833 1.         0.99597175 0.88988441 0.91272763]\n",
            " [0.96272099 0.99597175 1.         0.88935114 0.9065025 ]\n",
